input_len,n_hidden,network,learning_rate,epochs,sigma,noise_type,mse_error
1,5,mlp,0.001,10,0,iid,0.02170937024355292
1,5,mlp,0.001,10,0,wiener,0.16128586950131507
1,5,mlp,0.001,10,0.01,iid,0.19195874552451503
1,5,mlp,0.001,10,0.01,wiener,0.6792051189043733
1,5,mlp,0.001,10,0.1,iid,0.04078239754141778
1,5,mlp,0.001,10,0.1,wiener,5.884205496702429
1,5,mlp,0.001,100,0,iid,2.0158060361899922e-05
1,5,mlp,0.001,100,0,wiener,0.0001725023610714335
1,5,mlp,0.001,100,0.01,iid,0.003933342707140193
1,5,mlp,0.001,100,0.01,wiener,0.003387940937975266
1,5,mlp,0.001,100,0.1,iid,0.01960995574747833
1,5,mlp,0.001,100,0.1,wiener,0.8506436372054559
1,5,mlp,0.001,500,0,iid,2.0379207177481787e-05
1,5,mlp,0.001,500,0,wiener,2.0627747199249272e-05
1,5,mlp,0.001,500,0.01,iid,0.0002281037710993565
1,5,mlp,0.001,500,0.01,wiener,0.004632919873545501
1,5,mlp,0.001,500,0.1,iid,0.01792807876781595
1,5,mlp,0.001,500,0.1,wiener,21.494760820907317
1,5,mlp,0.01,10,0,iid,0.002141051442574505
1,5,mlp,0.01,10,0,wiener,0.00011345663857174894
1,5,mlp,0.01,10,0.01,iid,0.000518457774150466
1,5,mlp,0.01,10,0.01,wiener,0.00035937519356884194
1,5,mlp,0.01,10,0.1,iid,0.02071598827408329
1,5,mlp,0.01,10,0.1,wiener,10.005146626770971
1,5,mlp,0.01,100,0,iid,2.4120574311724482e-05
1,5,mlp,0.01,100,0,wiener,2.0215890264555518e-05
1,5,mlp,0.01,100,0.01,iid,0.00026911042445079204
1,5,mlp,0.01,100,0.01,wiener,0.000133154709173695
1,5,mlp,0.01,100,0.1,iid,0.01773880636363409
1,5,mlp,0.01,100,0.1,wiener,0.010934211208961023
1,5,mlp,0.01,500,0,iid,7.989569427751235e-05
1,5,mlp,0.01,500,0,wiener,2.614826540926425e-05
1,5,mlp,0.01,500,0.01,iid,0.00025583485875488044
1,5,mlp,0.01,500,0.01,wiener,0.00012343408794120037
1,5,mlp,0.01,500,0.1,iid,0.018804838990877468
1,5,mlp,0.01,500,0.1,wiener,0.009804461666200005
1,5,mlp,0.1,10,0,iid,4.484262796609015e-05
1,5,mlp,0.1,10,0,wiener,2.047144818404198e-05
1,5,mlp,0.1,10,0.01,iid,0.0005164919657740201
1,5,mlp,0.1,10,0.01,wiener,0.0015542496154699469
1,5,mlp,0.1,10,0.1,iid,0.01837777623455526
1,5,mlp,0.1,10,0.1,wiener,0.08544974774633003
1,5,mlp,0.1,100,0,iid,0.00011314550532416058
1,5,mlp,0.1,100,0,wiener,3.7188394734020166e-05
1,5,mlp,0.1,100,0.01,iid,0.0002238463754087656
1,5,mlp,0.1,100,0.01,wiener,0.0007806109614610784
1,5,mlp,0.1,100,0.1,iid,0.024070411607026086
1,5,mlp,0.1,100,0.1,wiener,0.031137386083599287
1,5,mlp,0.1,500,0,iid,0.00016827712764446736
1,5,mlp,0.1,500,0,wiener,0.0008188571116187279
1,5,mlp,0.1,500,0.01,iid,0.5051094728491812
1,5,mlp,0.1,500,0.01,wiener,0.00030039143056172907
1,5,mlp,0.1,500,0.1,iid,0.01757782581079118
1,5,mlp,0.1,500,0.1,wiener,0.09925562522888617
1,5,lstm,0.001,10,0,iid,0.37592425780853045
1,5,lstm,0.001,10,0,wiener,0.057629892581630884
1,5,lstm,0.001,10,0.01,iid,0.08560851880029324
1,5,lstm,0.001,10,0.01,wiener,0.12336926252231141
1,5,lstm,0.001,10,0.1,iid,0.19681770847720506
1,5,lstm,0.001,10,0.1,wiener,57.94509576957607
1,5,lstm,0.001,100,0,iid,0.0003423457693111773
1,5,lstm,0.001,100,0,wiener,0.0003697059724676545
1,5,lstm,0.001,100,0.01,iid,0.000814899817447425
1,5,lstm,0.001,100,0.01,wiener,0.04757468699259684
1,5,lstm,0.001,100,0.1,iid,0.019117002008673313
1,5,lstm,0.001,100,0.1,wiener,1.3271522122685833
1,5,lstm,0.001,500,0,iid,2.067802671994533e-05
1,5,lstm,0.001,500,0,wiener,2.0388012945576203e-05
1,5,lstm,0.001,500,0.01,iid,0.0002333422467286719
1,5,lstm,0.001,500,0.01,wiener,0.0002863857282560721
1,5,lstm,0.001,500,0.1,iid,0.017981912312718056
1,5,lstm,0.001,500,0.1,wiener,0.9753658983915872
1,5,lstm,0.01,10,0,iid,0.0017051835959550183
1,5,lstm,0.01,10,0,wiener,0.0018440620419422082
1,5,lstm,0.01,10,0.01,iid,0.0007993365179656468
1,5,lstm,0.01,10,0.01,wiener,0.0014810733433181914
1,5,lstm,0.01,10,0.1,iid,0.019338549432033808
1,5,lstm,0.01,10,0.1,wiener,2.9508662603963027
1,5,lstm,0.01,100,0,iid,2.3555569767297078e-05
1,5,lstm,0.01,100,0,wiener,2.217001199916422e-05
1,5,lstm,0.01,100,0.01,iid,0.00027355816061083526
1,5,lstm,0.01,100,0.01,wiener,0.00012577394509684432
1,5,lstm,0.01,100,0.1,iid,0.020211670060165
1,5,lstm,0.01,100,0.1,wiener,0.23385633286576998
1,5,lstm,0.01,500,0,iid,2.4184399463703517e-05
1,5,lstm,0.01,500,0,wiener,4.029679659007092e-05
1,5,lstm,0.01,500,0.01,iid,0.00020680582416406104
1,5,lstm,0.01,500,0.01,wiener,0.00011836388782961623
1,5,lstm,0.01,500,0.1,iid,0.019313649566140238
1,5,lstm,0.01,500,0.1,wiener,0.010729610932729455
1,5,lstm,0.1,10,0,iid,3.32172158336372e-05
1,5,lstm,0.1,10,0,wiener,2.7599650429645407e-05
1,5,lstm,0.1,10,0.01,iid,0.0007797978639610352
1,5,lstm,0.1,10,0.01,wiener,0.0004530669252519807
1,5,lstm,0.1,10,0.1,iid,0.019369316605220416
1,5,lstm,0.1,10,0.1,wiener,53.39479462403712
1,5,lstm,0.1,100,0,iid,0.00012424398297626246
1,5,lstm,0.1,100,0,wiener,0.0008881043396354333
1,5,lstm,0.1,100,0.01,iid,0.0002633751820969545
1,5,lstm,0.1,100,0.01,wiener,0.00047135776153551693
1,5,lstm,0.1,100,0.1,iid,0.0206838716948025
1,5,lstm,0.1,100,0.1,wiener,0.035469817199391164
1,5,lstm,0.1,500,0,iid,0.00013712210164449305
1,5,lstm,0.1,500,0,wiener,0.00013948208846287235
1,5,lstm,0.1,500,0.01,iid,0.0005218389534205083
1,5,lstm,0.1,500,0.01,wiener,0.0013016123744873087
1,5,lstm,0.1,500,0.1,iid,0.021492527761240277
1,5,lstm,0.1,500,0.1,wiener,18.3565358137191
1,5,cnn,0.001,10,0,iid,0.010311076875165796
1,5,cnn,0.001,10,0,wiener,0.025040779149977332
1,5,cnn,0.001,10,0.01,iid,0.10356279539320346
1,5,cnn,0.001,10,0.01,wiener,0.0027015723797042383
1,5,cnn,0.001,10,0.1,iid,0.02165876356587228
1,5,cnn,0.001,10,0.1,wiener,13.340979524919256
1,5,cnn,0.001,100,0,iid,2.8098349371978302e-05
1,5,cnn,0.001,100,0,wiener,4.205501481268957e-05
1,5,cnn,0.001,100,0.01,iid,0.00022252060675699494
1,5,cnn,0.001,100,0.01,wiener,0.00048150364179311815
1,5,cnn,0.001,100,0.1,iid,0.018670130912364722
1,5,cnn,0.001,100,0.1,wiener,0.04669464698632631
1,5,cnn,0.001,500,0,iid,2.1409332403925123e-05
1,5,cnn,0.001,500,0,wiener,2.2333272936041926e-05
1,5,cnn,0.001,500,0.01,iid,0.00021797503360080947
1,5,cnn,0.001,500,0.01,wiener,0.00202801239998626
1,5,cnn,0.001,500,0.1,iid,0.017185881750674273
1,5,cnn,0.001,500,0.1,wiener,13.917218700181955
1,5,cnn,0.01,10,0,iid,2.308134113744977e-05
1,5,cnn,0.01,10,0,wiener,8.634725966275457e-05
1,5,cnn,0.01,10,0.01,iid,0.00030840662985009493
1,5,cnn,0.01,10,0.01,wiener,0.027991017860423247
1,5,cnn,0.01,10,0.1,iid,0.019831347575510527
1,5,cnn,0.01,10,0.1,wiener,3.1028380152546173
1,5,cnn,0.01,100,0,iid,2.0790606245976637e-05
1,5,cnn,0.01,100,0,wiener,2.611582778750488e-05
1,5,cnn,0.01,100,0.01,iid,0.00027801308842059384
1,5,cnn,0.01,100,0.01,wiener,0.052402525570313344
1,5,cnn,0.01,100,0.1,iid,0.018801008171790708
1,5,cnn,0.01,100,0.1,wiener,0.009735575281130263
1,5,cnn,0.01,500,0,iid,3.8161494663284085e-05
1,5,cnn,0.01,500,0,wiener,2.205480121615796e-05
1,5,cnn,0.01,500,0.01,iid,0.00034317552750854843
1,5,cnn,0.01,500,0.01,wiener,0.0005468736199755416
1,5,cnn,0.01,500,0.1,iid,0.017618723306463555
1,5,cnn,0.01,500,0.1,wiener,1.175020083058236
1,5,cnn,0.1,10,0,iid,3.284557452053661e-05
1,5,cnn,0.1,10,0,wiener,2.5349823825261824e-05
1,5,cnn,0.1,10,0.01,iid,0.00031869409557939293
1,5,cnn,0.1,10,0.01,wiener,0.011928691763515976
1,5,cnn,0.1,10,0.1,iid,0.0204521763703127
1,5,cnn,0.1,10,0.1,wiener,28.16511038212823
1,5,cnn,0.1,100,0,iid,0.0001914882553794531
1,5,cnn,0.1,100,0,wiener,0.0005418963224079038
1,5,cnn,0.1,100,0.01,iid,0.00022559369423359979
1,5,cnn,0.1,100,0.01,wiener,0.00022744068069492407
1,5,cnn,0.1,100,0.1,iid,0.028844065100161808
1,5,cnn,0.1,100,0.1,wiener,0.046955633943367554
1,5,cnn,0.1,500,0,iid,4.8293961769838636e-05
1,5,cnn,0.1,500,0,wiener,2.5864366439031518e-05
1,5,cnn,0.1,500,0.01,iid,0.0005596185640048862
1,5,cnn,0.1,500,0.01,wiener,0.08829287375046749
1,5,cnn,0.1,500,0.1,iid,0.02678437144157357
1,5,cnn,0.1,500,0.1,wiener,0.051597183030938285
1,10,mlp,0.001,10,0,iid,0.0376639144077531
1,10,mlp,0.001,10,0,wiener,0.110939596529862
1,10,mlp,0.001,10,0.01,iid,0.09675276218367664
1,10,mlp,0.001,10,0.01,wiener,0.010320154267267161
1,10,mlp,0.001,10,0.1,iid,0.03700678567902513
1,10,mlp,0.001,10,0.1,wiener,0.6263371005033092
1,10,mlp,0.001,100,0,iid,0.0001166002792019775
1,10,mlp,0.001,100,0,wiener,2.2782426470198965e-05
1,10,mlp,0.001,100,0.01,iid,0.0002279681400907885
1,10,mlp,0.001,100,0.01,wiener,0.000716219000432639
1,10,mlp,0.001,100,0.1,iid,0.01899342926964362
1,10,mlp,0.001,100,0.1,wiener,0.022530594766499084
1,10,mlp,0.001,500,0,iid,2.017539743696215e-05
1,10,mlp,0.001,500,0,wiener,2.1125059338981447e-05
1,10,mlp,0.001,500,0.01,iid,0.00021777084034218958
1,10,mlp,0.001,500,0.01,wiener,0.029706860934630326
1,10,mlp,0.001,500,0.1,iid,0.019665765782404743
1,10,mlp,0.001,500,0.1,wiener,1.3847389614048822
1,10,mlp,0.01,10,0,iid,2.3626834595796316e-05
1,10,mlp,0.01,10,0,wiener,4.2211098883138554e-05
1,10,mlp,0.01,10,0.01,iid,0.0005697929197047442
1,10,mlp,0.01,10,0.01,wiener,0.00474397276514575
1,10,mlp,0.01,10,0.1,iid,0.01964982121075596
1,10,mlp,0.01,10,0.1,wiener,0.010775040857570275
1,10,mlp,0.01,100,0,iid,2.778457017636267e-05
1,10,mlp,0.01,100,0,wiener,2.0773233907582206e-05
1,10,mlp,0.01,100,0.01,iid,0.00020640878428543867
1,10,mlp,0.01,100,0.01,wiener,0.003860828426302769
1,10,mlp,0.01,100,0.1,iid,0.020474214908597833
1,10,mlp,0.01,100,0.1,wiener,0.06900501233130556
1,10,mlp,0.01,500,0,iid,3.769144981583805e-05
1,10,mlp,0.01,500,0,wiener,5.875035380483192e-05
1,10,mlp,0.01,500,0.01,iid,0.0003108456236249503
1,10,mlp,0.01,500,0.01,wiener,0.005514809277337577
1,10,mlp,0.01,500,0.1,iid,0.018236607334297196
1,10,mlp,0.01,500,0.1,wiener,0.010125523572675531
1,10,mlp,0.1,10,0,iid,2.400973538751762e-05
1,10,mlp,0.1,10,0,wiener,3.0969112966981724e-05
1,10,mlp,0.1,10,0.01,iid,0.0003026023165385802
1,10,mlp,0.1,10,0.01,wiener,0.0080316823198237
1,10,mlp,0.1,10,0.1,iid,0.02030813385177163
1,10,mlp,0.1,10,0.1,wiener,0.16682945558233542
1,10,mlp,0.1,100,0,iid,0.00019227310477669429
1,10,mlp,0.1,100,0,wiener,0.0004406713580162266
1,10,mlp,0.1,100,0.01,iid,0.0004096186260348468
1,10,mlp,0.1,100,0.01,wiener,0.00038046597543124757
1,10,mlp,0.1,100,0.1,iid,0.0201763566277223
1,10,mlp,0.1,100,0.1,wiener,0.07162742148713898
1,10,mlp,0.1,500,0,iid,4.8905605739269806e-05
1,10,mlp,0.1,500,0,wiener,2.086300221146383e-05
1,10,mlp,0.1,500,0.01,iid,0.0006654025191181551
1,10,mlp,0.1,500,0.01,wiener,0.00013597931769888577
1,10,mlp,0.1,500,0.1,iid,0.02094973387336785
1,10,mlp,0.1,500,0.1,wiener,0.009934066700065863
1,10,lstm,0.001,10,0,iid,0.03045662710578449
1,10,lstm,0.001,10,0,wiener,0.08475688524783401
1,10,lstm,0.001,10,0.01,iid,0.045356786815329765
1,10,lstm,0.001,10,0.01,wiener,0.01104570632478778
1,10,lstm,0.001,10,0.1,iid,0.043698543830887455
1,10,lstm,0.001,10,0.1,wiener,49.69560941960595
1,10,lstm,0.001,100,0,iid,0.0003831554867941304
1,10,lstm,0.001,100,0,wiener,0.00023291902654113913
1,10,lstm,0.001,100,0.01,iid,0.0004763560727647792
1,10,lstm,0.001,100,0.01,wiener,0.003575362373997405
1,10,lstm,0.001,100,0.1,iid,0.017680747357410362
1,10,lstm,0.001,100,0.1,wiener,0.011412375360940993
1,10,lstm,0.001,500,0,iid,2.21885138572976e-05
1,10,lstm,0.001,500,0,wiener,2.333291368452986e-05
1,10,lstm,0.001,500,0.01,iid,0.00022452871299475809
1,10,lstm,0.001,500,0.01,wiener,0.00014835437126233016
input_len,n_hidden,network,learning_rate,epochs,sigma,noise_type,mse_error
10,5,mlp,0.001,10,0,iid,0.13242103299938165
10,5,mlp,0.001,10,0,wiener,0.0030533020674071766
10,5,mlp,0.001,10,0.01,iid,0.13957995704365
10,5,mlp,0.001,10,0.01,wiener,0.29793132458136784
10,5,mlp,0.001,10,0.1,iid,0.1371315746715388
10,5,mlp,0.001,10,0.1,wiener,0.6938761060746808
10,5,mlp,0.001,100,0,iid,3.97289140272278e-05
10,5,mlp,0.001,100,0,wiener,2.4471608882542452e-05
10,5,mlp,0.001,100,0.01,iid,0.0033643417160702438
10,5,mlp,0.001,100,0.01,wiener,0.0009138525361740459
10,5,mlp,0.001,100,0.1,iid,0.013143169434293134
10,5,mlp,0.001,100,0.1,wiener,0.18570986948928597
10,5,mlp,0.001,500,0,iid,3.212902449114881e-11
10,5,mlp,0.001,500,0,wiener,3.6632778484794905e-07
10,5,mlp,0.001,500,0.01,iid,0.00018781043873670512
10,5,mlp,0.001,500,0.01,wiener,0.015276428877316646
10,5,mlp,0.001,500,0.1,iid,0.011481176685659332
10,5,mlp,0.001,500,0.1,wiener,0.012854034329871656
10,5,mlp,0.01,10,0,iid,0.0009269935064436691
10,5,mlp,0.01,10,0,wiener,0.0003808423912464902
10,5,mlp,0.01,10,0.01,iid,0.0005545187585151414
10,5,mlp,0.01,10,0.01,wiener,0.001971600538856659
10,5,mlp,0.01,10,0.1,iid,0.015712401297131345
10,5,mlp,0.01,10,0.1,wiener,0.024218693615792417
10,5,mlp,0.01,100,0,iid,4.767148728453767e-06
10,5,mlp,0.01,100,0,wiener,7.122346736699919e-07
10,5,mlp,0.01,100,0.01,iid,0.0001655022441203699
10,5,mlp,0.01,100,0.01,wiener,0.0004499588420775978
10,5,mlp,0.01,100,0.1,iid,0.011420069910011009
10,5,mlp,0.01,100,0.1,wiener,0.011378229993605693
10,5,mlp,0.01,500,0,iid,9.413308566818138e-09
10,5,mlp,0.01,500,0,wiener,1.561786089895392e-07
10,5,mlp,0.01,500,0.01,iid,0.0001567166716990349
10,5,mlp,0.01,500,0.01,wiener,0.0001865036113863347
10,5,mlp,0.01,500,0.1,iid,0.011842312159997254
10,5,mlp,0.01,500,0.1,wiener,0.012627978896626509
10,5,mlp,0.1,10,0,iid,0.000863511337648097
10,5,mlp,0.1,10,0,wiener,0.0007297330510397732
10,5,mlp,0.1,10,0.01,iid,0.0006143199268995035
10,5,mlp,0.1,10,0.01,wiener,0.0009179667385653878
10,5,mlp,0.1,10,0.1,iid,0.012860646349531648
10,5,mlp,0.1,10,0.1,wiener,0.014448338541522667
10,5,mlp,0.1,100,0,iid,6.960749216742577e-08
10,5,mlp,0.1,100,0,wiener,3.993643962067495e-06
10,5,mlp,0.1,100,0.01,iid,0.0036066397903648595
10,5,mlp,0.1,100,0.01,wiener,0.0002110232346858332
10,5,mlp,0.1,100,0.1,iid,0.024623018734787974
10,5,mlp,0.1,100,0.1,wiener,0.010611406282597824
10,5,mlp,0.1,500,0,iid,1.642949968676247e-08
10,5,mlp,0.1,500,0,wiener,1.8742902294782543e-09
10,5,mlp,0.1,500,0.01,iid,0.00015844593660224902
10,5,mlp,0.1,500,0.01,wiener,0.0005967687524355418
10,5,mlp,0.1,500,0.1,iid,0.014057185237642216
10,5,mlp,0.1,500,0.1,wiener,0.011114763246206855
10,5,lstm,0.001,10,0,iid,0.00729515375548989
10,5,lstm,0.001,10,0,wiener,0.018760052624862723
10,5,lstm,0.001,10,0.01,iid,0.016296373553576486
10,5,lstm,0.001,10,0.01,wiener,0.04902251647475404
10,5,lstm,0.001,10,0.1,iid,0.05493154698694377
10,5,lstm,0.001,10,0.1,wiener,0.49814201179287465
10,5,lstm,0.001,100,0,iid,0.00033743016040403917
10,5,lstm,0.001,100,0,wiener,0.0004318266198752401
10,5,lstm,0.001,100,0.01,iid,0.00037522927706631974
10,5,lstm,0.001,100,0.01,wiener,0.000521177932391235
10,5,lstm,0.001,100,0.1,iid,0.010511788456968896
10,5,lstm,0.001,100,0.1,wiener,2.1277554552055773
10,5,lstm,0.001,500,0,iid,2.8963435853018674e-06
10,5,lstm,0.001,500,0,wiener,1.1451608079889543e-06
10,5,lstm,0.001,500,0.01,iid,0.00017346435435336562
10,5,lstm,0.001,500,0.01,wiener,0.00013008753184537815
10,5,lstm,0.001,500,0.1,iid,0.011732270866486075
10,5,lstm,0.001,500,0.1,wiener,0.05975425872121154
10,5,lstm,0.01,10,0,iid,0.0001965223207497058
10,5,lstm,0.01,10,0,wiener,0.0002267305333893978
10,5,lstm,0.01,10,0.01,iid,0.0003114127654236365
10,5,lstm,0.01,10,0.01,wiener,0.0765968431096658
10,5,lstm,0.01,10,0.1,iid,0.011263226726547466
10,5,lstm,0.01,10,0.1,wiener,1.784948745355414
10,5,lstm,0.01,100,0,iid,1.820075043837602e-06
10,5,lstm,0.01,100,0,wiener,1.1285716291232541e-05
10,5,lstm,0.01,100,0.01,iid,0.00019816921261102386
10,5,lstm,0.01,100,0.01,wiener,0.00018635691051067436
10,5,lstm,0.01,100,0.1,iid,0.01169156099654973
10,5,lstm,0.01,100,0.1,wiener,2.2833716225962304
10,5,lstm,0.01,500,0,iid,1.1137941613677907e-07
10,5,lstm,0.01,500,0,wiener,1.5584246363613046e-06
10,5,lstm,0.01,500,0.01,iid,0.00014870027162832873
10,5,lstm,0.01,500,0.01,wiener,0.0009100216664806719
10,5,lstm,0.01,500,0.1,iid,0.011091910539459694
10,5,lstm,0.01,500,0.1,wiener,0.03988593101112669
10,5,lstm,0.1,10,0,iid,7.703492433168028e-05
10,5,lstm,0.1,10,0,wiener,7.027656631181578e-05
10,5,lstm,0.1,10,0.01,iid,0.00026924741800060355
10,5,lstm,0.1,10,0.01,wiener,0.0026797133540388636
10,5,lstm,0.1,10,0.1,iid,0.019944369724044102
10,5,lstm,0.1,10,0.1,wiener,4.299953068578707
10,5,lstm,0.1,100,0,iid,2.070196241047056e-05
10,5,lstm,0.1,100,0,wiener,0.00014227788898099126
10,5,lstm,0.1,100,0.01,iid,0.0004474964810737273
10,5,lstm,0.1,100,0.01,wiener,0.00017481026414382326
10,5,lstm,0.1,100,0.1,iid,0.013171235798261415
10,5,lstm,0.1,100,0.1,wiener,25.500165141598938
10,5,lstm,0.1,500,0,iid,4.674690215814315e-06
10,5,lstm,0.1,500,0,wiener,7.563957876749e-06
10,5,lstm,0.1,500,0.01,iid,0.00031277136620391647
10,5,lstm,0.1,500,0.01,wiener,0.00035269376024221245
10,5,lstm,0.1,500,0.1,iid,0.013945502069795574
10,5,lstm,0.1,500,0.1,wiener,5.448221980639728
10,5,cnn,0.001,10,0,iid,0.000900715063505219
10,5,cnn,0.001,10,0,wiener,0.00112563766259735
10,5,cnn,0.001,10,0.01,iid,0.003973355641967076
10,5,cnn,0.001,10,0.01,wiener,0.00464112123729858
10,5,cnn,0.001,10,0.1,iid,0.015596424706312293
10,5,cnn,0.001,10,0.1,wiener,0.031556786799708525
10,5,cnn,0.001,100,0,iid,0.0004369514170023442
10,5,cnn,0.001,100,0,wiener,0.00036547466216829607
10,5,cnn,0.001,100,0.01,iid,0.0002746672748972842
10,5,cnn,0.001,100,0.01,wiener,0.00032002619294918614
10,5,cnn,0.001,100,0.1,iid,0.012241811985342752
10,5,cnn,0.001,100,0.1,wiener,0.016457148331428546
10,5,cnn,0.001,500,0,iid,5.4815678469675245e-08
10,5,cnn,0.001,500,0,wiener,1.1901329931194897e-07
10,5,cnn,0.001,500,0.01,iid,0.00015193154287078474
10,5,cnn,0.001,500,0.01,wiener,0.0008161157939138467
10,5,cnn,0.001,500,0.1,iid,0.013164465177936836
10,5,cnn,0.001,500,0.1,wiener,0.37691416140997086
10,5,cnn,0.01,10,0,iid,0.0002596578649593874
10,5,cnn,0.01,10,0,wiener,0.0003217868609443299
10,5,cnn,0.01,10,0.01,iid,0.000992617276260054
10,5,cnn,0.01,10,0.01,wiener,0.0008210919446766268
10,5,cnn,0.01,10,0.1,iid,0.014303643661978251
10,5,cnn,0.01,10,0.1,wiener,0.012177931315567126
10,5,cnn,0.01,100,0,iid,3.152113366924178e-05
10,5,cnn,0.01,100,0,wiener,1.2071331668543555e-05
10,5,cnn,0.01,100,0.01,iid,0.00030744910390887494
10,5,cnn,0.01,100,0.01,wiener,0.0001499520367521706
10,5,cnn,0.01,100,0.1,iid,0.012442560473744039
10,5,cnn,0.01,100,0.1,wiener,0.01199308983169789
10,5,cnn,0.01,500,0,iid,1.7061452326265864e-05
10,5,cnn,0.01,500,0,wiener,9.936835918888968e-08
10,5,cnn,0.01,500,0.01,iid,0.0001970412884786679
10,5,cnn,0.01,500,0.01,wiener,0.00011040901151827949
10,5,cnn,0.01,500,0.1,iid,0.014281718321454783
10,5,cnn,0.01,500,0.1,wiener,0.6599911007866761
10,5,cnn,0.1,10,0,iid,0.0006525128653112865
10,5,cnn,0.1,10,0,wiener,0.0003704255708624988
10,5,cnn,0.1,10,0.01,iid,0.00041217487840785146
10,5,cnn,0.1,10,0.01,wiener,0.002798877675278025
10,5,cnn,0.1,10,0.1,iid,0.015568399617330699
10,5,cnn,0.1,10,0.1,wiener,0.010850171803136499
10,5,cnn,0.1,100,0,iid,0.0005560455339503563
10,5,cnn,0.1,100,0,wiener,0.5108447821324249
10,5,cnn,0.1,100,0.01,iid,0.00030432226984681166
10,5,cnn,0.1,100,0.01,wiener,0.42677267850011313
10,5,cnn,0.1,100,0.1,iid,0.01268554610617091
10,5,cnn,0.1,100,0.1,wiener,3792.246347370533
10,5,cnn,0.1,500,0,iid,0.5105442960079553
10,5,cnn,0.1,500,0,wiener,0.5049469932951025
10,5,cnn,0.1,500,0.01,iid,0.000755384331506602
10,5,cnn,0.1,500,0.01,wiener,1.8226114295051572
10,5,cnn,0.1,500,0.1,iid,0.03497988412477066
10,5,cnn,0.1,500,0.1,wiener,0.011248883259941082
10,10,mlp,0.001,10,0,iid,0.003991646622899654
10,10,mlp,0.001,10,0,wiener,0.0007411766188984931
10,10,mlp,0.001,10,0.01,iid,0.0037619064235001835
10,10,mlp,0.001,10,0.01,wiener,0.007829114695226255
10,10,mlp,0.001,10,0.1,iid,0.018982606791368026
10,10,mlp,0.001,10,0.1,wiener,0.04581556345049487
10,10,mlp,0.001,100,0,iid,1.5007167624848945e-06
10,10,mlp,0.001,100,0,wiener,9.026608611183628e-06
10,10,mlp,0.001,100,0.01,iid,0.0004159846765985853
10,10,mlp,0.001,100,0.01,wiener,0.00028351596730821906
10,10,mlp,0.001,100,0.1,iid,0.012431826707396598
10,10,mlp,0.001,100,0.1,wiener,0.0388372656477331
10,10,mlp,0.001,500,0,iid,2.3603402990545924e-08
10,10,mlp,0.001,500,0,wiener,7.814854053255874e-07
10,10,mlp,0.001,500,0.01,iid,0.0001908866176078639
10,10,mlp,0.001,500,0.01,wiener,0.0001642173496512838
10,10,mlp,0.001,500,0.1,iid,0.012394314814304022
10,10,mlp,0.001,500,0.1,wiener,0.010157107561447061
10,10,mlp,0.01,10,0,iid,0.001409307420445588
10,10,mlp,0.01,10,0,wiener,0.0012166628152141844
10,10,mlp,0.01,10,0.01,iid,0.0004807151936495298
10,10,mlp,0.01,10,0.01,wiener,0.00030327539580555965
10,10,mlp,0.01,10,0.1,iid,0.012276881307048657
10,10,mlp,0.01,10,0.1,wiener,0.02821085453896987
10,10,mlp,0.01,100,0,iid,1.1504286206829388e-06
10,10,mlp,0.01,100,0,wiener,7.897889103304314e-08
10,10,mlp,0.01,100,0.01,iid,0.00023277167910949062
10,10,mlp,0.01,100,0.01,wiener,0.0002501932802357032
10,10,mlp,0.01,100,0.1,iid,0.011781154394426797
10,10,mlp,0.01,100,0.1,wiener,0.011050832071060768
10,10,mlp,0.01,500,0,iid,5.888961533672735e-06
10,10,mlp,0.01,500,0,wiener,0.00026536576887018214
10,10,mlp,0.01,500,0.01,iid,0.00016374625217885683
10,10,mlp,0.01,500,0.01,wiener,0.00013019150367172546
10,10,mlp,0.01,500,0.1,iid,0.011974027903820923
10,10,mlp,0.01,500,0.1,wiener,0.01035874873165218
10,10,mlp,0.1,10,0,iid,0.0027876802379968235
10,10,mlp,0.1,10,0,wiener,0.00024849929735985474
10,10,mlp,0.1,10,0.01,iid,0.0005273333010964314
10,10,mlp,0.1,10,0.01,wiener,0.0020472013910968205
10,10,mlp,0.1,10,0.1,iid,0.014894625964808257
10,10,mlp,0.1,10,0.1,wiener,0.026292829945622175
10,10,mlp,0.1,100,0,iid,2.32200815319199e-08
10,10,mlp,0.1,100,0,wiener,1.5155156585804085e-05
10,10,mlp,0.1,100,0.01,iid,0.00025286702709320863
10,10,mlp,0.1,100,0.01,wiener,0.0003591408268648376
10,10,mlp,0.1,100,0.1,iid,0.010958863321396282
10,10,mlp,0.1,100,0.1,wiener,0.01351563787977497
10,10,mlp,0.1,500,0,iid,8.61160363408491e-10
10,10,mlp,0.1,500,0,wiener,2.6890257833548924e-08
10,10,mlp,0.1,500,0.01,iid,0.00024327553250503938
10,10,mlp,0.1,500,0.01,wiener,0.15806195893523725
10,10,mlp,0.1,500,0.1,iid,0.015966929700358505
10,10,mlp,0.1,500,0.1,wiener,0.01532561322832641
10,10,lstm,0.001,10,0,iid,0.002522655557618734
10,10,lstm,0.001,10,0,wiener,0.0013473286051530803
10,10,lstm,0.001,10,0.01,iid,0.0018444617014334362
10,10,lstm,0.001,10,0.01,wiener,0.027031846623978402
10,10,lstm,0.001,10,0.1,iid,0.011617227209489652
10,10,lstm,0.001,10,0.1,wiener,1.4012666768096464
10,10,lstm,0.001,100,0,iid,0.0003185093791471747
10,10,lstm,0.001,100,0,wiener,0.00021440583972845076
10,10,lstm,0.001,100,0.01,iid,0.00028331796111326054
10,10,lstm,0.001,100,0.01,wiener,0.0047143054709690825
10,10,lstm,0.001,100,0.1,iid,0.011583558033651053
10,10,lstm,0.001,100,0.1,wiener,0.6479251512255826
10,10,lstm,0.001,500,0,iid,1.1513386201199752e-06
10,10,lstm,0.001,500,0,wiener,2.9789113020219894e-07
10,10,lstm,0.001,500,0.01,iid,0.0001741815061165874
10,10,lstm,0.001,500,0.01,wiener,0.004648735693968802
10,10,lstm,0.001,500,0.1,iid,0.011754747734569002
10,10,lstm,0.001,500,0.1,wiener,0.01069587692766727
10,10,lstm,0.01,10,0,iid,0.00027286015800563623
10,10,lstm,0.01,10,0,wiener,0.0003288351155806085
10,10,lstm,0.01,10,0.01,iid,0.0002623825447688613
10,10,lstm,0.01,10,0.01,wiener,0.0004743231163513032
10,10,lstm,0.01,10,0.1,iid,0.013085375092887876
10,10,lstm,0.01,10,0.1,wiener,0.03534789682508498
10,10,lstm,0.01,100,0,iid,4.198277410144577e-06
10,10,lstm,0.01,100,0,wiener,6.751566142073439e-06
10,10,lstm,0.01,100,0.01,iid,0.0001740067103817942
10,10,lstm,0.01,100,0.01,wiener,0.00016746842777584043
10,10,lstm,0.01,100,0.1,iid,0.012624644893289207
10,10,lstm,0.01,100,0.1,wiener,0.17138981941758252
10,10,lstm,0.01,500,0,iid,2.822177376839486e-08
10,10,lstm,0.01,500,0,wiener,3.45597782835245e-06
10,10,lstm,0.01,500,0.01,iid,0.00018988324483105177
10,10,lstm,0.01,500,0.01,wiener,0.00015009530858221254
10,10,lstm,0.01,500,0.1,iid,0.013277821743734229
10,10,lstm,0.01,500,0.1,wiener,0.013831100319244647
10,10,lstm,0.1,10,0,iid,0.00013090863351967753
10,10,lstm,0.1,10,0,wiener,5.747637241417057e-05
10,10,lstm,0.1,10,0.01,iid,0.0007012507134896368
10,10,lstm,0.1,10,0.01,wiener,0.00013726985894894672
10,10,lstm,0.1,10,0.1,iid,0.014384186279213809
10,10,lstm,0.1,10,0.1,wiener,1.0362058582185112
10,10,lstm,0.1,100,0,iid,3.0332882926555236e-06
10,10,lstm,0.1,100,0,wiener,1.6049033279274236e-05
10,10,lstm,0.1,100,0.01,iid,0.0001917230705482237
10,10,lstm,0.1,100,0.01,wiener,0.0003667063265463206
10,10,lstm,0.1,100,0.1,iid,0.014550724744662612
10,10,lstm,0.1,100,0.1,wiener,23.728656507167827
10,10,lstm,0.1,500,0,iid,1.8502330284751897e-05
10,10,lstm,0.1,500,0,wiener,0.00018914919184857408
10,10,lstm,0.1,500,0.01,iid,0.0003251366002451216
10,10,lstm,0.1,500,0.01,wiener,0.030060888643542637
10,10,lstm,0.1,500,0.1,iid,0.012891975243308509
10,10,lstm,0.1,500,0.1,wiener,0.7618234051433025
10,10,cnn,0.001,10,0,iid,0.0005934985180852865
10,10,cnn,0.001,10,0,wiener,0.0005553559774174295
10,10,cnn,0.001,10,0.01,iid,0.0007105175230869981
10,10,cnn,0.001,10,0.01,wiener,0.0008533126560654988
10,10,cnn,0.001,10,0.1,iid,0.013109832325546602
10,10,cnn,0.001,10,0.1,wiener,20.220186741612547
10,10,cnn,0.001,100,0,iid,3.946661039518609e-05
10,10,cnn,0.001,100,0,wiener,5.201426438735452e-05
10,10,cnn,0.001,100,0.01,iid,0.0003147137274478183
10,10,cnn,0.001,100,0.01,wiener,0.0008990246595253495
10,10,cnn,0.001,100,0.1,iid,0.011991482150124366
10,10,cnn,0.001,100,0.1,wiener,0.03719495476234593
10,10,cnn,0.001,500,0,iid,9.377318547755791e-07
10,10,cnn,0.001,500,0,wiener,5.449969313126063e-08
10,10,cnn,0.001,500,0.01,iid,0.00019077179140902312
10,10,cnn,0.001,500,0.01,wiener,0.0010039749048638639
10,10,cnn,0.001,500,0.1,iid,0.012159793943564088
10,10,cnn,0.001,500,0.1,wiener,0.1001709802681878
10,10,cnn,0.01,10,0,iid,0.0002777403456557879
10,10,cnn,0.01,10,0,wiener,0.0006715841549091389
10,10,cnn,0.01,10,0.01,iid,0.0005911342647390141
10,10,cnn,0.01,10,0.01,wiener,0.0015839284216801048
10,10,cnn,0.01,10,0.1,iid,0.012316861992616621
10,10,cnn,0.01,10,0.1,wiener,0.01567096740916198
10,10,cnn,0.01,100,0,iid,4.291891213066851e-05
10,10,cnn,0.01,100,0,wiener,6.916242753450827e-07
10,10,cnn,0.01,100,0.01,iid,0.00019936952796334234
10,10,cnn,0.01,100,0.01,wiener,0.00015250256266481922
10,10,cnn,0.01,100,0.1,iid,0.014532655177610026
10,10,cnn,0.01,100,0.1,wiener,0.5724428624163559
10,10,cnn,0.01,500,0,iid,3.047607824922581e-07
10,10,cnn,0.01,500,0,wiener,1.0476562798226273e-07
10,10,cnn,0.01,500,0.01,iid,0.0002644104099989525
10,10,cnn,0.01,500,0.01,wiener,0.00013563814306047738
10,10,cnn,0.01,500,0.1,iid,0.013618651669569657
10,10,cnn,0.01,500,0.1,wiener,0.01300953451040432
10,10,cnn,0.1,10,0,iid,0.001777875199125996
10,10,cnn,0.1,10,0,wiener,0.000732559970342731
10,10,cnn,0.1,10,0.01,iid,0.0018831357238335569
10,10,cnn,0.1,10,0.01,wiener,0.001647558296189654
10,10,cnn,0.1,10,0.1,iid,0.03272418122793153
10,10,cnn,0.1,10,0.1,wiener,0.31393720800882335
10,10,cnn,0.1,100,0,iid,0.002646245636811879
10,10,cnn,0.1,100,0,wiener,0.00046382817419646086
10,10,cnn,0.1,100,0.01,iid,0.0004956743596994189
10,10,cnn,0.1,100,0.01,wiener,0.37672469225929883
10,10,cnn,0.1,100,0.1,iid,0.015123678437037234
10,10,cnn,0.1,100,0.1,wiener,16.897255449953782
10,10,cnn,0.1,500,0,iid,0.5049213211014786
10,10,cnn,0.1,500,0,wiener,0.00010851745293835436
10,10,cnn,0.1,500,0.01,iid,0.0023028992823417417
10,10,cnn,0.1,500,0.01,wiener,0.853717775519975
10,10,cnn,0.1,500,0.1,iid,0.025034253635050737
10,10,cnn,0.1,500,0.1,wiener,0.025876101865106436
10,20,mlp,0.001,10,0,iid,0.0007959045909294497
10,20,mlp,0.001,10,0,wiener,0.0015350313046901775
10,20,mlp,0.001,10,0.01,iid,0.0018770075627433129
10,20,mlp,0.001,10,0.01,wiener,0.024628491220020553
10,20,mlp,0.001,10,0.1,iid,0.013233922971834582
10,20,mlp,0.001,10,0.1,wiener,0.01970995191358181
10,20,mlp,0.001,100,0,iid,8.733588364007831e-06
10,20,mlp,0.001,100,0,wiener,3.1550918888504743e-06
10,20,mlp,0.001,100,0.01,iid,0.00016840225555311058
10,20,mlp,0.001,100,0.01,wiener,0.00021809130537820204
10,20,mlp,0.001,100,0.1,iid,0.011387396857116166
10,20,mlp,0.001,100,0.1,wiener,0.10976790198387153
10,20,mlp,0.001,500,0,iid,7.830488714715882e-09
10,20,mlp,0.001,500,0,wiener,1.0729854349077758e-08
10,20,mlp,0.001,500,0.01,iid,0.0001587222142022333
10,20,mlp,0.001,500,0.01,wiener,0.00014943922173969628
10,20,mlp,0.001,500,0.1,iid,0.0137975426947158
10,20,mlp,0.001,500,0.1,wiener,0.02339526565474956
10,20,mlp,0.01,10,0,iid,7.345387205328004e-05
10,20,mlp,0.01,10,0,wiener,0.00015485376277288656
10,20,mlp,0.01,10,0.01,iid,0.0007348103421667457
10,20,mlp,0.01,10,0.01,wiener,0.00043591464892110655
10,20,mlp,0.01,10,0.1,iid,0.012656888959697724
10,20,mlp,0.01,10,0.1,wiener,0.013300176327069289
10,20,mlp,0.01,100,0,iid,1.290606958153659e-06
10,20,mlp,0.01,100,0,wiener,6.617256504487953e-05
10,20,mlp,0.01,100,0.01,iid,0.00024065992590053937
10,20,mlp,0.01,100,0.01,wiener,0.0002388910189181128
10,20,mlp,0.01,100,0.1,iid,0.011765168291274898
10,20,mlp,0.01,100,0.1,wiener,0.013055563984937624
10,20,mlp,0.01,500,0,iid,1.4688550357062206e-08
10,20,mlp,0.01,500,0,wiener,3.301159752456471e-08
10,20,mlp,0.01,500,0.01,iid,0.00015466971422400692
10,20,mlp,0.01,500,0.01,wiener,0.00024686987819683983
10,20,mlp,0.01,500,0.1,iid,0.011564312025912786
10,20,mlp,0.01,500,0.1,wiener,0.05245000768841728
10,20,mlp,0.1,10,0,iid,0.00034480846255496037
10,20,mlp,0.1,10,0,wiener,0.00032971173593709886
10,20,mlp,0.1,10,0.01,iid,0.0006220029043764233
10,20,mlp,0.1,10,0.01,wiener,0.0009270735080631281
10,20,mlp,0.1,10,0.1,iid,0.012059752819872266
10,20,mlp,0.1,10,0.1,wiener,0.056100089783750355
10,20,mlp,0.1,100,0,iid,0.0016128368311343498
10,20,mlp,0.1,100,0,wiener,2.1006553446206312e-05
10,20,mlp,0.1,100,0.01,iid,0.00023763797009330502
10,20,mlp,0.1,100,0.01,wiener,0.0002566713385502688
10,20,mlp,0.1,100,0.1,iid,0.01579719225549394
10,20,mlp,0.1,100,0.1,wiener,0.011738017879286036
10,20,mlp,0.1,500,0,iid,1.1426863357495617e-06
10,20,mlp,0.1,500,0,wiener,1.9969353956573193e-05
10,20,mlp,0.1,500,0.01,iid,0.00030555803329866384
10,20,mlp,0.1,500,0.01,wiener,0.025527319735825865
10,20,mlp,0.1,500,0.1,iid,0.013667647564978671
10,20,mlp,0.1,500,0.1,wiener,0.022390950094869654
10,20,lstm,0.001,10,0,iid,0.001285352073021399
10,20,lstm,0.001,10,0,wiener,0.0008697888598762523
10,20,lstm,0.001,10,0.01,iid,0.0009520826196956492
10,20,lstm,0.001,10,0.01,wiener,0.001932649166018648
10,20,lstm,0.001,10,0.1,iid,0.012443188353790425
10,20,lstm,0.001,10,0.1,wiener,0.11989039471778655
10,20,lstm,0.001,100,0,iid,0.00014815413382088052
10,20,lstm,0.001,100,0,wiener,0.00020825847593261996
10,20,lstm,0.001,100,0.01,iid,0.0003575551009844653
10,20,lstm,0.001,100,0.01,wiener,0.0005095355507078956
10,20,lstm,0.001,100,0.1,iid,0.010671869453768938
10,20,lstm,0.001,100,0.1,wiener,0.08710529430540315
10,20,lstm,0.001,500,0,iid,9.643751844710672e-07
10,20,lstm,0.001,500,0,wiener,1.8927014413733638e-07
10,20,lstm,0.001,500,0.01,iid,0.00022858993580307508
10,20,lstm,0.001,500,0.01,wiener,0.0002558599761833652
10,20,lstm,0.001,500,0.1,iid,0.011734402186587627
10,20,lstm,0.001,500,0.1,wiener,0.3197907074989571
10,20,lstm,0.01,10,0,iid,0.0001633464815184982
10,20,lstm,0.01,10,0,wiener,0.00021447313945007968
10,20,lstm,0.01,10,0.01,iid,0.0003171106759542052
10,20,lstm,0.01,10,0.01,wiener,0.0004165886613088831
10,20,lstm,0.01,10,0.1,iid,0.012111635369471057
10,20,lstm,0.01,10,0.1,wiener,0.025995588811482593
10,20,lstm,0.01,100,0,iid,1.6750049138317744e-05
10,20,lstm,0.01,100,0,wiener,1.0833753473323496e-06
10,20,lstm,0.01,100,0.01,iid,0.00022476963335456336
10,20,lstm,0.01,100,0.01,wiener,0.00015445358608373984
10,20,lstm,0.01,100,0.1,iid,0.01124382968374078
10,20,lstm,0.01,100,0.1,wiener,0.011802932400184638
10,20,lstm,0.01,500,0,iid,2.6384274547639988e-08
10,20,lstm,0.01,500,0,wiener,1.3475394264343389e-05
10,20,lstm,0.01,500,0.01,iid,0.00017842289954467466
10,20,lstm,0.01,500,0.01,wiener,0.00017876646171287138
10,20,lstm,0.01,500,0.1,iid,0.01941447379991017
10,20,lstm,0.01,500,0.1,wiener,0.017775654424986215
10,20,lstm,0.1,10,0,iid,0.0001077720129468722
10,20,lstm,0.1,10,0,wiener,9.531387020851531e-05
10,20,lstm,0.1,10,0.01,iid,0.00021378336949341812
10,20,lstm,0.1,10,0.01,wiener,0.00037830105554688816
10,20,lstm,0.1,10,0.1,iid,0.012687751501266704
10,20,lstm,0.1,10,0.1,wiener,0.026020393445512813
10,20,lstm,0.1,100,0,iid,1.2600183891144186e-06
10,20,lstm,0.1,100,0,wiener,8.947369762188947e-06
10,20,lstm,0.1,100,0.01,iid,0.00021506549339078847
10,20,lstm,0.1,100,0.01,wiener,0.00019516119971268021
10,20,lstm,0.1,100,0.1,iid,0.011578114512055964
10,20,lstm,0.1,100,0.1,wiener,0.011152847085016042
10,20,lstm,0.1,500,0,iid,7.057840693375153e-06
10,20,lstm,0.1,500,0,wiener,1.2384475041251253e-05
10,20,lstm,0.1,500,0.01,iid,0.00038823648833244916
10,20,lstm,0.1,500,0.01,wiener,0.0003285299794112061
10,20,lstm,0.1,500,0.1,iid,0.023744721089942078
10,20,lstm,0.1,500,0.1,wiener,0.010296168657623327
10,20,cnn,0.001,10,0,iid,0.0007906661320607148
10,20,cnn,0.001,10,0,wiener,0.00048974830780222
10,20,cnn,0.001,10,0.01,iid,0.0010864779313411602
10,20,cnn,0.001,10,0.01,wiener,0.0022207931941148075
10,20,cnn,0.001,10,0.1,iid,0.01194825333337936
10,20,cnn,0.001,10,0.1,wiener,0.06220071346384813
10,20,cnn,0.001,100,0,iid,8.292060282392611e-06
10,20,cnn,0.001,100,0,wiener,5.2087559001871665e-05
10,20,cnn,0.001,100,0.01,iid,0.0003502244639306805
10,20,cnn,0.001,100,0.01,wiener,0.0002712105555302237
10,20,cnn,0.001,100,0.1,iid,0.012369169097005781
10,20,cnn,0.001,100,0.1,wiener,0.01230141955696187
10,20,cnn,0.001,500,0,iid,9.712652123199419e-07
10,20,cnn,0.001,500,0,wiener,6.345941745147571e-07
10,20,cnn,0.001,500,0.01,iid,0.0001729050021237211
10,20,cnn,0.001,500,0.01,wiener,0.00030083687038830984
10,20,cnn,0.001,500,0.1,iid,0.015201320573433482
10,20,cnn,0.001,500,0.1,wiener,0.03749276716262451
10,20,cnn,0.01,10,0,iid,0.0005733337202984719
10,20,cnn,0.01,10,0,wiener,0.0005171546347579186
10,20,cnn,0.01,10,0.01,iid,0.0006618622125477177
10,20,cnn,0.01,10,0.01,wiener,0.0006148344524095688
10,20,cnn,0.01,10,0.1,iid,0.013290333555737168
10,20,cnn,0.01,10,0.1,wiener,0.8125848693498617
10,20,cnn,0.01,100,0,iid,8.42486777013261e-06
10,20,cnn,0.01,100,0,wiener,4.463923117228238e-05
10,20,cnn,0.01,100,0.01,iid,0.00027607792765704494
10,20,cnn,0.01,100,0.01,wiener,0.00020559032239094997
10,20,cnn,0.01,100,0.1,iid,0.015739514225780595
10,20,cnn,0.01,100,0.1,wiener,0.08417204793115482
10,20,cnn,0.01,500,0,iid,1.426489536930484e-06
10,20,cnn,0.01,500,0,wiener,1.106088987787386e-05
10,20,cnn,0.01,500,0.01,iid,0.0001884843158855955
10,20,cnn,0.01,500,0.01,wiener,0.00020277227369563898
10,20,cnn,0.01,500,0.1,iid,0.016182214059453172
10,20,cnn,0.01,500,0.1,wiener,0.14485897581042637
10,20,cnn,0.1,10,0,iid,0.0019109137765181503
10,20,cnn,0.1,10,0,wiener,0.0002227128933926423
10,20,cnn,0.1,10,0.01,iid,0.005476174552603399
10,20,cnn,0.1,10,0.01,wiener,0.0011947380757213156
10,20,cnn,0.1,10,0.1,iid,0.013812137550578429
10,20,cnn,0.1,10,0.1,wiener,0.011719485419957465
10,20,cnn,0.1,100,0,iid,0.518352021711516
10,20,cnn,0.1,100,0,wiener,0.511717809554695
10,20,cnn,0.1,100,0.01,iid,0.0003550010507606307
10,20,cnn,0.1,100,0.01,wiener,0.0011066840765939494
10,20,cnn,0.1,100,0.1,iid,0.018935840792564527
10,20,cnn,0.1,100,0.1,wiener,0.09288387617655561
10,20,cnn,0.1,500,0,iid,0.5050250960860793
10,20,cnn,0.1,500,0,wiener,0.5111561335703217
10,20,cnn,0.1,500,0.01,iid,0.5057782047051632
10,20,cnn,0.1,500,0.01,wiener,0.0034982549265049497
10,20,cnn,0.1,500,0.1,iid,0.5231478138180097
10,20,cnn,0.1,500,0.1,wiener,3.768568497801548
